Execution start: 2026-04-08T21:40:20+00:00
[THREAD 0] now=21:40:30.610951373
[THREAD 0] Parameters: p = 733, k = 12
[THREAD 0] Step1 (n=1): S size = 12
Time elapsed: 266108.625s
	squeeze Time elapsed: 0.31s
Time elapsed: 0.31s
[THREAD 0] => (n=1): S size = 12
	squeeze Time elapsed: 0.282s
Time elapsed: 0.282s
[THREAD 0] => (n=1): S size = 12
seeds: ( 1 104 209 211 105 314 208 106 210 313 315 103  ), ( 1 92 275 183 93 365 182 91 276 274 366 184  ), ( 1 82 164 325 162 163 245 244 243 81 327 326  ), ( 1 2 362 364 361 6 3 366 5 363 4 365  ), ( 1 2 295 148 149 147 293 294 145 146 292 291  ), ( 1 74 219 220 293 294 147 146 292 73 221 366  ), ( 1 2 243 244 241 246 3 4 245 242 247 248  ), ( 1 62 245 183 184 306 123 305 61 122 244 366  ), ( 1 2 243 244 123 121 122 245 124 366 365 246  ), ( 1 66 267 334 199 67 266 133 201 200 333 134  ), ( 1 2 182 181 186 3 184 183 185 364 366 365  ), ( 1 2 11 9 7 12 5 8 3 10 4 6  ),
Time elapsed: 0.0s
[THREAD 0] => (n=1): S size = 12
[THREAD 0] Counter Example Mod 733

Time: 2026-04-11T23:35:39+00:00
